1 2 15.2315462117
1 3 18.0
1 4 22.360679775
1 5 25.0
1 6 20.6155281281
1 7 11.1803398875
1 8 21.2132034356
1 9 26.2488094968
1 10 32.0156211872
1 11 25.495097568
1 12 33.5410196625
1 13 15.0
1 14 11.1803398875
1 15 32.0156211872
1 16 30.4138126515
1 17 29.1547594742
1 18 30.4138126515
1 19 15.8113883008
1 20 32.0156211872
1 21 31.6227766017
1 22 18.0277563773
1 23 26.9258240357
1 24 36.0555127546
1 25 30.0
1 26 33.5410196625
1 27 11.1803398875
1 28 5.0
1 29 6.32455532034
1 30 29.8328677804
1 31 25.495097568
1 32 17.4642491966
1 33 34.0
1 34 24.7588368063
1 35 36.0555127546
1 36 41.0365690574
1 37 41.400483089
1 38 21.2132034356
1 39 42.4264068712
1 40 33.9705755029
1 41 11.1803398875
1 42 28.8617393793
1 43 25.495097568
1 44 34.1760149813
1 45 31.8904374382
1 46 29.1547594742
1 47 35.4682957019
1 48 34.205262753
1 49 27.8028775489
1 50 43.931765273
1 51 16.9705627485
1 52 26.9258240357
1 53 11.313708499
1 54 4.472135955
1 55 22.803508502
1 56 30.4630924235
1 57 29.206163733
1 58 23.1948270095
1 59 9.05538513814
1 60 17.8044938148
1 61 18.0277563773
1 62 25.495097568
1 63 25.495097568
1 64 34.9284983931
1 65 46.5188133985
1 66 49.9299509313
1 67 40.4969134626
1 68 43.8634243989
1 69 21.3775583264
1 70 12.1655250606
1 71 21.0950231097
1 72 39.6610640301
1 73 22.4722050542
1 74 20.1246117975
1 75 24.5967477525
1 76 27.7848879789
1 77 15.6524758425
1 78 19.6977156036
1 79 31.064449134
1 80 25.5538646784
1 81 21.0950231097
1 82 27.5862284483
1 83 23.3238075794
1 84 21.0950231097
1 85 24.3310501212
1 86 23.0217288664
1 87 35.3553390593
1 88 18.3847763109
1 89 19.2353840617
1 90 9.0
1 91 32.2490309932
1 92 25.6124969497
1 93 18.3847763109
1 94 20.2484567313
1 95 12.0415945788
1 96 14.8660687473
1 97 15.2643375225
1 98 17.2046505341
1 99 21.2602916255
1 100 17.4928556845
1 101 24.0416305603
2 1 15.2315462117
2 3 32.5576411922
2 4 14.5602197786
2 5 32.2024843762
2 6 32.2024843762
2 7 24.8394846967
2 8 21.0237960416
2 9 31.5753068077
2 10 17.8044938148
2 11 15.5563491861
2 12 26.4007575649
2 13 16.6433169771
2 14 26.4007575649
2 15 46.872166581
2 16 45.3541618818
2 17 42.4499705536
2 18 40.7062648741
2 19 22.8473193176
2 20 28.231188427
2 21 16.4924225025
2 22 29.2745623366
2 23 39.2045915678
2 24 46.1735855225
2 25 27.7848879789
2 26 37.6430604494
2 27 19.4164878389
2 28 10.8166538264
2 29 12.0
2 30 24.0416305603
2 31 11.0453610172
2 32 10.4403065089
2 33 20.8806130178
2 34 12.3693168769
2 35 24.7386337537
2 36 27.2029410175
2 37 40.5215991787
2 38 35.8050275799
2 39 56.8506816142
2 40 41.5932686862
2 41 24.0208242989
2 42 42.0119030752
2 43 40.718546143
2 44 49.3963561409
2 45 46.0977222865
2 46 36.6878726557
2 47 39.0128184063
2 48 33.7342555869
2 49 28.1602556807
2 50 39.8246155035
2 51 6.32455532034
2 52 12.0415945788
2 53 15.2315462117
2 54 18.4390889146
2 55 25.6124969497
2 56 34.0587727319
2 57 38.8973006776
2 58 38.0788655293
2 59 23.5372045919
2 60 32.0156211872
2 61 28.3019433962
2 62 38.2883794382
2 63 19.2353840617
2 64 24.4131112315
2 65 38.2099463491
2 66 35.0
2 67 25.2982212813
2 68 51.1077293567
2 69 18.0277563773
2 70 4.472135955
2 71 8.0622577483
2 72 24.8394846967
2 73 33.5410196625
2 74 32.14031736
2 75 36.3455636908
2 76 38.8329756779
2 77 10.6301458127
2 78 13.416407865
2 79 20.2237484162
2 80 16.0312195419
2 81 19.2093727123
2 82 14.8660687473
2 83 26.0768096208
2 84 29.5465734054
2 85 34.9857113691
2 86 36.7967389859
2 87 48.2700735446
2 88 33.6154726279
2 89 15.2970585408
2 90 20.5182845287
2 91 20.591260282
2 92 39.6988664826
2 93 33.0151480384
2 94 33.9705755029
2 95 26.6270539114
2 96 29.6816441593
2 97 29.0688837075
2 98 32.2490309932
2 99 35.6089876295
2 100 31.1448230048
2 101 38.6005181312
3 1 18.0
3 2 32.5576411922
3 4 34.4093010682
3 5 20.2237484162
3 6 23.8537208838
3 7 16.4012194669
3 8 36.2491379208
3 9 36.0693775937
3 10 47.4236228055
3 11 43.2897216438
3 12 50.2891638427
3 13 23.4307490277
3 14 9.43398113206
3 15 21.1896201004
3 16 13.0
3 17 25.179356624
3 18 32.6955654485
3 19 27.4590604355
3 20 47.4236228055
3 21 49.0306026885
3 22 10.4403065089
3 23 12.2065556157
3 24 23.3238075794
3 25 34.9857113691
3 26 30.1496268634
3 27 16.4012194669
3 28 23.0
3 29 20.8806130178
3 30 38.2883794382
3 31 43.2897216438
3 32 35.2278299076
3 33 52.0
3 34 39.3573373083
3 35 48.4148737476
3 36 55.5697759578
3 37 54.2033209315
3 38 15.2970585408
3 39 32.3109888428
3 40 25.495097568
3 41 9.43398113206
3 42 12.2065556157
3 43 12.0830459736
3 44 18.4390889146
3 45 24.1867732449
3 46 35.8050275799
3 47 45.2769256907
3 48 47.4341649025
3 49 41.3400532172
3 50 58.6685605755
3 51 32.3109888428
3 52 43.3243580449
3 53 27.2029410175
3 54 14.1421356237
3 55 25.0599281723
3 56 28.6356421266
3 57 18.6815416923
3 58 5.83095189485
3 59 9.05538513814
3 60 15.6524758425
3 61 24.7588368063
3 62 24.0416305603
3 63 42.4499705536
3 64 52.6117857519
3 65 63.2455532034
3 66 65.7951365984
3 67 57.7234787586
3 68 34.1760149813
3 69 30.4138126515
3 70 30.0665927567
3 71 39.0512483795
3 72 55.542776308
3 73 12.0415945788
3 74 9.0
3 75 11.7046999107
3 76 15.2315462117
3 77 28.6530975638
3 78 31.6227766017
3 79 43.6004587132
3 80 38.0131556175
3 81 29.0
3 82 42.0594816896
3 83 36.0555127546
3 84 29.0
3 85 27.7848879789
3 86 19.6468827044
3 87 31.0161248385
3 88 7.07106781187
3 89 36.1386219992
3 90 20.1246117975
3 91 50.1597448159
3 92 20.0997512422
3 93 13.9283882772
3 94 18.3847763109
3 95 13.4536240471
3 96 12.2065556157
3 97 16.4012194669
3 98 10.7703296143
3 99 16.4924225025
3 100 17.4928556845
3 101 17.0293863659
4 1 22.360679775
4 2 14.5602197786
4 3 34.4093010682
4 5 25.0
4 6 42.7200187266
4 7 33.5410196625
4 8 35.3553390593
4 9 45.0444225182
4 10 15.0
4 11 29.1547594742
4 12 40.3112887415
4 13 11.1803398875
4 14 32.0156211872
4 15 53.1507290637
4 16 47.1699056603
4 17 51.4781507049
4 18 52.2015325446
4 19 35.3553390593
4 20 42.7200187266
4 21 22.360679775
4 22 26.9258240357
4 23 36.4005494464
4 24 40.0
4 25 14.1421356237
4 26 26.9258240357
4 27 18.0277563773
4 28 20.6155281281
4 29 16.1245154966
4 30 9.48683298051
4 31 21.2132034356
4 32 25.0
4 33 31.2409987036
4 34 7.28010988928
4 35 14.1421356237
4 36 21.5406592285
4 37 55.0817574157
4 38 43.0116263352
4 39 64.0312423743
4 40 33.3766385366
4 41 25.0
4 42 40.162171256
4 43 45.2769256907
4 44 52.8015151298
4 45 53.8237865632
4 46 49.4974746831
4 47 53.0848377599
4 48 48.2700735446
4 49 42.5793377121
4 50 54.1294744109
4 51 8.24621125124
4 52 14.3178210633
4 53 28.0713376952
4 54 22.803508502
4 55 16.1245154966
4 56 23.4093998214
4 57 33.0605505096
4 58 40.2243707222
4 59 26.8700576851
4 60 39.9624824054
4 61 39.5600808897
4 62 47.853944456
4 63 33.6154726279
4 64 36.8781778292
4 65 51.2249938995
4 66 32.7566787083
4 67 28.6356421266
4 68 41.7612260356
4 69 6.0827625303
4 70 18.1107702763
4 71 21.0950231097
4 72 23.0867927612
4 73 30.083217913
4 74 30.083217913
4 75 33.2415402772
4 76 34.5253530033
4 77 6.7082039325
4 78 2.82842712475
4 79 9.21954445729
4 80 3.60555127546
4 81 8.0622577483
4 82 9.0
4 83 40.049968789
4 84 41.7731971484
4 85 46.1735855225
4 86 45.2769256907
4 87 57.706152185
4 88 38.1837661841
4 89 29.8328677804
4 90 30.6757233004
4 91 32.5576411922
4 92 47.7074417675
4 93 40.2243707222
4 94 42.5440947724
4 95 34.1320963318
4 96 36.6196668472
4 97 37.5898922584
4 98 38.4187454246
4 99 43.2666153056
4 100 39.8246155035
4 101 45.8039299624
5 1 25.0
5 2 32.2024843762
5 3 20.2237484162
5 4 25.0
5 6 41.2310562562
5 7 31.6227766017
5 8 46.0977222865
5 9 50.537115074
5 10 40.0
5 11 47.1699056603
5 12 57.008771255
5 13 15.8113883008
5 14 25.495097568
5 15 41.2310562562
5 16 29.1547594742
5 17 45.0
5 18 50.9901951359
5 19 40.3112887415
5 20 56.5685424949
5 21 46.0977222865
5 22 10.0
5 23 14.1421356237
5 24 15.0
5 25 18.0277563773
5 26 10.0
5 27 14.1421356237
5 28 28.2842712475
5 29 22.0227155455
5 30 23.769728648
5 31 42.7200187266
5 32 40.0
5 33 52.9244744896
5 34 32.0624390838
5 35 36.4005494464
5 36 45.7055795281
5 37 66.4003012041
5 38 35.0
5 39 52.2015325446
5 40 9.43398113206
5 41 15.8113883008
5 42 18.3847763109
5 43 32.0156211872
5 44 36.235341864
5 45 44.4072066223
5 46 52.2015325446
5 47 59.9416382826
5 48 59.2030404625
5 49 52.8015151298
5 50 68.5930025586
5 51 28.1602556807
5 52 38.4707681233
5 53 36.235341864
5 54 21.0950231097
5 55 9.21954445729
5 56 8.54400374532
5 57 8.24621125124
5 58 24.3515913238
5 59 19.9248588452
5 60 34.2344855372
5 61 40.4969134626
5 62 43.1856457634
5 63 49.040799341
5 64 56.4358042381
5 65 69.6347614342
5 66 57.4282160614
5 67 53.3385414124
5 68 19.2093727123
5 69 19.0262975904
5 70 32.4499614792
5 71 40.249223595
5 72 48.0416485979
5 73 8.94427191
5 74 11.401754251
5 75 11.401754251
5 76 10.8166538264
5 77 22.803508502
5 78 23.0867927612
5 79 32.5576411922
5 80 28.0713376952
5 81 17.0293863659
5 82 34.0
5 83 48.2597140481
5 84 44.3846820423
5 85 45.3541618818
5 86 39.0512483795
5 87 51.0392006207
5 88 27.0739727414
5 89 43.1856457634
5 90 32.6496554346
5 91 52.7730992078
5 92 40.0124980475
5 93 33.0605505096
5 94 37.2155881319
5 95 29.8328677804
5 96 30.2654919008
5 97 33.7342555869
5 98 30.0166620396
5 99 36.0138862107
5 100 35.5105618091
5 101 37.0540146273
6 1 20.6155281281
6 2 32.2024843762
6 3 23.8537208838
6 4 42.7200187266
6 5 41.2310562562
6 7 10.0
6 8 20.6155281281
6 9 13.9283882772
6 10 50.0
6 11 33.5410196625
6 12 35.3553390593
6 13 35.3553390593
6 14 15.8113883008
6 15 20.0
6 16 29.1547594742
6 17 11.1803398875
6 18 10.0
6 19 11.1803398875
6 20 30.0
6 21 46.0977222865
6 22 31.6227766017
6 23 36.0555127546
6 24 47.1699056603
6 25 50.2493781056
6 26 50.9901951359
6 27 30.0
6 28 22.360679775
6 29 26.9258240357
6 30 50.4479930225
6 31 39.0512483795
6 32 27.2029410175
6 33 43.8292140016
6 34 43.9089968002
6 35 55.9016994375
6 36 59.4053869611
6 37 32.6955654485
6 38 11.1803398875
6 39 26.9258240357
6 40 48.4664832642
6 41 25.495097568
6 42 35.4682957019
6 43 20.1246117975
6 44 28.1602556807
6 45 16.4924225025
6 46 12.0415945788
6 47 22.2036033112
6 48 26.9258240357
6 49 22.0907220344
6 50 39.0512483795
6 51 36.235341864
6 52 44.0454310911
6 53 17.691806013
6 54 22.0227155455
6 55 42.0119030752
6 56 48.5077313425
6 57 42.0475920833
6 58 24.7588368063
6 59 21.3775583264
6 60 8.48528137424
6 61 4.472135955
6 62 6.7082039325
6 63 29.4108823397
6 64 40.8044115262
6 65 47.0
6 66 66.4680374315
6 67 54.8178802947
6 68 57.697486947
6 69 41.9761837236
6 70 27.8028775489
6 71 34.0587727319
6 72 56.639209034
6 73 34.9284983931
6 74 31.7804971641
6 75 35.3553390593
6 76 38.9486841883
6 77 36.0555127546
6 78 40.162171256
6 79 50.9901951359
6 80 45.6946386352
6 81 41.5932686862
6 82 46.6476151588
6 83 17.0
6 84 7.07106781187
6 85 4.12310562562
6 86 8.0622577483
6 87 16.2788205961
6 88 17.691806013
6 89 24.5967477525
6 90 12.0830459736
6 91 40.3112887415
6 92 11.0
6 93 10.6301458127
6 94 6.7082039325
6 95 11.401754251
6 96 11.6619037897
6 97 7.61577310586
6 98 13.4536240471
6 99 9.8488578018
6 100 6.40312423743
6 101 12.3693168769
7 1 11.1803398875
7 2 24.8394846967
7 3 16.4012194669
7 4 33.5410196625
7 5 31.6227766017
7 6 10.0
7 8 20.6155281281
7 9 19.8494332413
7 10 42.4264068712
7 11 30.4138126515
7 12 35.3553390593
7 13 25.495097568
7 14 7.07106781187
7 15 22.360679775
7 16 25.495097568
7 17 18.0277563773
7 18 20.0
7 19 11.1803398875
7 20 31.6227766017
7 21 40.3112887415
7 22 22.360679775
7 23 28.2842712475
7 24 39.0512483795
7 25 40.3112887415
7 26 41.2310562562
7 27 20.0
7 28 14.1421356237
7 29 17.4642491966
7 30 40.8044115262
7 31 33.5410196625
7 32 22.803508502
7 33 40.2616442784
7 34 35.6089876295
7 35 47.1699056603
7 36 51.6623654124
7 37 37.8021163429
7 38 11.1803398875
7 39 32.0156211872
7 40 39.3573373083
7 41 15.8113883008
7 42 28.6006992922
7 43 18.0277563773
7 44 27.0739727414
7 45 21.2602916255
7 46 20.6155281281
7 47 29.206163733
7 48 31.064449134
7 49 25.0599281723
7 50 42.4852915725
7 51 27.8028775489
7 52 36.8781778292
7 53 13.152946438
7 54 12.0415945788
7 55 32.0156211872
7 56 38.6393581727
7 57 33.2866339542
7 58 19.3132079158
7 59 11.7046999107
7 60 7.21110255093
7 61 8.94427191
7 62 14.3178210633
7 63 28.0178514522
7 64 39.0512483795
7 65 48.0520551069
7 66 59.816385715
7 67 49.244289009
7 68 48.8773976394
7 69 32.2800247831
7 70 20.8086520467
7 71 28.6356421266
7 72 49.6789693935
7 73 26.0768096208
7 74 23.0217288664
7 75 27.0185121722
7 76 30.61045573
7 77 26.83281573
7 78 30.8706980809
7 79 42.1900462195
7 80 36.7151195014
7 81 31.7804971641
7 82 38.4187454246
7 83 19.7230829233
7 84 13.0384048104
7 85 14.0356688476
7 86 12.0415945788
7 87 24.1867732449
7 88 12.3693168769
7 89 22.0227155455
7 90 5.09901951359
7 91 37.483329628
7 92 14.8660687473
7 93 8.54400374532
7 94 9.21954445729
7 95 3.16227766017
7 96 6.0
7 97 4.24264068712
7 98 9.0
7 99 10.8166538264
7 100 6.40312423743
7 101 13.8924439894
8 1 21.2132034356
8 2 21.0237960416
8 3 36.2491379208
8 4 35.3553390593
8 5 46.0977222865
8 6 20.6155281281
8 7 20.6155281281
8 9 12.2065556157
8 10 36.4005494464
8 11 14.1421356237
8 12 15.0
8 13 33.5410196625
8 14 26.9258240357
8 15 40.3112887415
8 16 46.0977222865
8 17 31.6227766017
8 18 25.0
8 19 10.0
8 20 11.1803398875
8 21 29.1547594742
8 22 39.0512483795
8 23 47.1699056603
8 24 57.008771255
8 25 47.4341649025
8 26 54.083269132
8 27 32.0156211872
8 28 18.0277563773
8 29 24.6981780705
8 30 44.72135955
8 31 22.360679775
8 32 11.1803398875
8 33 24.2074368738
8 34 33.0605505096
8 35 45.2769256907
8 36 45.5411901469
8 37 20.591260282
8 38 30.0
8 39 47.4341649025
8 40 55.1724568965
8 41 32.0156211872
8 42 48.3011387029
8 43 38.2099463491
8 44 47.0956473573
8 45 37.1079506306
8 46 18.4390889146
8 47 18.1107702763
8 48 13.416407865
8 49 7.28010988928
8 50 22.803508502
8 51 27.1661554144
8 52 30.083217913
8 53 9.89949493661
8 54 25.495097568
8 55 42.5440947724
8 56 50.7740090991
8 57 50.3289181286
8 58 39.8497176903
8 59 28.8444102037
8 60 26.0192236625
8 61 16.2788205961
8 62 27.2029410175
8 63 8.94427191
8 64 20.2484567313
8 65 27.4590604355
8 66 49.9299509313
8 67 37.0135110466
8 68 65.06919394
8 69 37.6430604494
8 70 17.2626765016
8 71 18.0277563773
8 72 41.1460812229
8 73 43.4165866922
8 74 40.8044115262
8 75 45.2216762184
8 76 48.6004115209
8 77 30.083217913
8 78 33.7342555869
8 79 41.0487515035
8 80 37.0540146273
8 81 38.275318418
8 82 35.2278299076
8 83 5.83095189485
8 84 14.3178210633
8 85 21.0237960416
8 86 28.2842712475
8 87 35.77708764
8 88 32.9848450049
8 89 6.32455532034
8 90 16.1554944214
8 91 20.2484567313
8 92 31.4006369362
8 93 28.0713376952
8 94 26.0768096208
8 95 23.769728648
8 96 26.4764045897
8 97 23.0867927612
8 98 29.4278779391
8 99 29.0172362571
8 100 24.0
8 101 32.0624390838
9 1 26.2488094968
9 2 31.5753068077
9 3 36.0693775937
9 4 45.0444225182
9 5 50.537115074
9 6 13.9283882772
9 7 19.8494332413
9 8 12.2065556157
9 10 48.1040538832
9 11 26.2488094968
9 12 24.1660919472
9 13 40.7921561087
9 14 26.9072480941
9 15 33.3766385366
9 16 42.9418211072
9 17 23.0
9 18 13.9283882772
9 19 10.4403065089
9 20 17.7200451467
9 21 41.3400532172
9 22 41.8807831827
9 23 48.1040538832
9 24 58.8982172905
9 25 55.5787729264
9 26 59.6154342432
9 27 37.3363094052
9 28 25.179356624
9 29 31.5753068077
9 30 54.0092584656
9 31 34.4818792991
9 32 22.8473193176
9 33 36.0693775937
9 34 43.931765273
9 35 56.2938717802
9 36 57.3846669416
9 37 18.7882942281
9 38 25.079872408
9 39 38.3275357935
9 40 58.8302643203
9 41 34.9857113691
9 42 48.1663783152
9 43 34.0147027034
9 44 42.0594816896
9 45 29.0172362571
9 46 6.40312423743
9 47 9.43398113206
9 48 13.152946438
9 49 9.48683298051
9 50 25.3179778023
9 51 37.2155881319
9 52 41.7851648316
9 53 17.0
9 54 29.5465734054
9 55 49.040799341
9 56 56.6480361531
9 57 53.0094331228
9 58 38.0131556175
9 59 31.064449134
9 60 21.9544984001
9 61 11.401754251
9 62 19.1049731745
9 63 20.5182845287
9 64 31.064449134
9 65 34.3656805549
9 66 62.128898268
9 67 49.2036584006
9 68 68.5054742338
9 69 46.1735855225
9 70 27.2946881279
9 71 29.9666481275
9 72 53.2353266168
9 73 45.8039299624
9 74 42.8018691181
9 75 46.8614980554
9 76 50.4479930225
9 77 39.0128184063
9 78 43.0
9 79 51.7880295049
9 80 47.2652091924
9 81 46.389654019
9 82 46.3249392876
9 83 6.40312423743
9 84 7.21110255093
9 85 12.0415945788
9 86 21.8403296678
9 87 25.7099202644
9 88 30.8058436015
9 89 18.3575597507
9 90 17.88854382
9 91 31.8904374382
9 92 24.5153013443
9 93 24.1867732449
9 94 20.6155281281
9 95 22.627416998
9 96 24.2074368738
9 97 20.0
9 98 26.6270539114
9 99 23.769728648
9 100 19.7230829233
9 101 26.2488094968
10 1 32.0156211872
10 2 17.8044938148
10 3 47.4236228055
10 4 15.0
10 5 40.0
10 6 50.0
10 7 42.4264068712
10 8 36.4005494464
10 9 48.1040538832
10 11 25.0
10 12 35.3553390593
10 13 25.495097568
10 14 43.0116263352
10 15 64.0312423743
10 16 60.415229868
10 17 60.207972894
10 18 58.3095189485
10 19 40.3112887415
10 20 40.0
10 21 11.1803398875
10 22 41.2310562562
10 23 50.9901951359
10 24 55.0
10 25 26.9258240357
10 26 41.2310562562
10 27 31.6227766017
10 28 28.2842712475
10 29 26.9258240357
10 30 20.1246117975
10 31 15.0
10 32 25.2982212813
10 33 21.9317121995
10 34 8.24621125124
10 35 11.1803398875
10 36 9.43398113206
10 37 53.0
10 38 53.1507290637
10 39 74.3303437366
10 40 48.2597140481
10 41 38.0788655293
10 42 54.5710545986
10 43 57.1401785086
10 44 65.3681879816
10 45 63.6553218514
10 46 53.712196008
10 47 54.3415126768
10 48 47.1699056603
10 49 42.7551166529
10 50 49.6487663492
10 51 15.2643375225
10 52 6.32455532034
10 53 32.7566787083
10 54 34.1320963318
10 55 31.064449134
10 56 37.8549864615
10 57 48.0416485979
10 58 53.2259335287
10 59 38.9486841883
10 60 49.5176736126
10 61 46.0434577329
10 62 56.0802995712
10 63 31.064449134
10 64 29.4108823397
10 65 43.4626276242
10 66 18.3847763109
10 67 14.3178210633
10 68 56.2938717802
10 69 21.0237960416
10 70 22.2036033112
10 71 18.4390889146
10 72 8.24621125124
10 73 44.72135955
10 74 44.3846820423
10 75 47.853944456
10 76 49.3659801888
10 77 18.973665961
10 78 17.1172427686
10 79 10.0
10 80 12.1655250606
10 81 23.0217288664
10 82 6.0
10 83 42.0594816896
10 84 47.0106370942
10 85 52.697248505
10 86 54.4518135602
10 87 66.0681466366
10 88 49.9299509313
10 89 30.083217913
10 90 38.2883794382
10 91 25.0
10 92 57.2800139665
10 93 50.3289181286
10 94 51.6236379966
10 95 43.931765273
10 96 46.8614980554
10 97 46.6690475583
10 98 49.2036584006
10 99 53.0754180389
10 100 48.795491595
10 101 55.9732078766
11 1 25.495097568
11 2 15.5563491861
11 3 43.2897216438
11 4 29.1547594742
11 5 47.1699056603
11 6 33.5410196625
11 7 30.4138126515
11 8 14.1421356237
11 9 26.2488094968
11 10 25.0
11 12 11.1803398875
11 13 32.0156211872
11 14 35.0
11 15 52.2015325446
11 16 55.0
11 17 44.72135955
11 18 39.0512483795
11 19 22.360679775
11 20 15.0
11 21 15.8113883008
11 22 42.7200187266
11 23 52.2015325446
11 24 60.415229868
11 25 43.0116263352
11 26 53.1507290637
11 27 33.5410196625
11 28 20.6155281281
11 29 25.495097568
11 30 38.4707681233
11 31 10.0
11 32 8.0622577483
11 33 10.295630141
11 34 24.3515913238
11 35 35.3553390593
11 36 33.3766385366
11 37 28.0
11 38 41.2310562562
11 39 60.415229868
11 40 56.6038867923
11 41 36.4005494464
11 42 54.3415126768
11 43 48.3735464898
11 44 57.4282160614
11 45 49.7694685525
11 46 32.5576411922
11 47 30.4630924235
11 48 22.360679775
11 49 18.7882942281
11 50 25.2982212813
11 51 21.400934559
11 52 19.1049731745
11 53 17.2626765016
11 54 29.8328677804
11 55 41.1096095822
11 56 49.578221025
11 57 53.2259335287
11 58 48.0416485979
11 59 34.5253530033
11 60 37.1079506306
11 61 29.0688837075
11 62 40.249223595
11 63 6.32455532034
11 64 9.48683298051
11 65 22.6715680975
11 66 36.235341864
11 67 23.0217288664
11 68 66.2872536767
11 69 33.4215499341
11 70 14.7648230602
11 71 8.0622577483
11 72 28.1602556807
11 73 47.1699056603
11 74 45.2216762184
11 75 49.6487663492
11 76 52.5547333739
11 77 26.1725046566
11 78 28.6006992922
11 79 32.0156211872
11 80 29.5465734054
11 81 34.7131099154
11 82 25.7099202644
11 83 19.8494332413
11 84 28.0178514522
11 85 34.6698716467
11 86 40.4969134626
11 87 49.3963561409
11 88 42.0475920833
11 89 8.94427191
11 90 25.3179778023
11 91 7.07106781187
11 92 43.6577599059
11 93 38.8329756779
11 94 37.947331922
11 95 33.2415402772
11 96 36.3455636908
11 97 33.9558536927
11 98 39.3192065027
11 99 40.5215991787
11 100 35.4400902933
11 101 43.6806593357
12 1 33.5410196625
12 2 26.4007575649
12 3 50.2891638427
12 4 40.3112887415
12 5 57.008771255
12 6 35.3553390593
12 7 35.3553390593
12 8 15.0
12 9 24.1660919472
12 10 35.3553390593
12 11 11.1803398875
12 13 42.4264068712
12 14 41.2310562562
12 15 55.2268050859
12 16 60.827625303
12 17 46.0977222865
12 18 38.0788655293
12 19 25.0
12 20 7.07106781187
12 21 25.0
12 22 51.4781507049
12 23 60.415229868
12 24 69.4622199472
12 25 54.083269132
12 26 63.6396103068
12 27 43.0116263352
12 28 29.1547594742
12 29 35.0
12 30 49.6487663492
12 31 20.6155281281
12 32 17.0293863659
12 33 15.5241746963
12 34 35.4682957019
12 35 46.0977222865
12 36 43.0
12 37 18.6815416923
12 38 45.0
12 39 61.8465843843
12 40 66.4003012041
12 41 44.72135955
12 42 62.0322496771
12 43 53.1507290637
12 44 62.0725382114
12 45 51.7880295049
12 46 30.4138126515
12 47 24.7588368063
12 48 15.0
12 49 14.7648230602
12 50 14.3178210633
12 51 32.4499614792
12 52 29.8328677804
12 53 23.0867927612
12 54 38.0131556175
12 55 51.6236379966
12 56 60.1082357086
12 57 62.4339651152
12 58 54.3415126768
12 59 42.1544778167
12 60 41.0121933088
12 61 31.1448230048
12 62 41.7731971484
12 63 8.0622577483
12 64 8.0622577483
12 65 13.0
12 66 43.6806593357
12 67 30.083217913
12 68 76.2167960492
12 69 44.4072066223
12 70 24.7588368063
12 71 19.2353840617
12 72 37.1214223865
12 73 55.9464029228
12 74 53.66563146
12 75 58.137767415
12 76 61.2943716829
12 77 37.0135110466
12 78 39.6610640301
12 79 43.0116263352
12 80 40.718546143
12 81 45.607017004
12 82 36.6878726557
12 83 18.6815416923
12 84 28.6356421266
12 85 35.1710107901
12 86 43.1856457634
12 87 49.6487663492
12 88 47.6759897642
12 89 14.3178210633
12 90 30.5941170816
12 91 11.1803398875
12 92 46.270941205
12 93 43.0464865001
12 94 41.0487515035
12 95 38.4707681233
12 96 41.3037528561
12 97 38.0525951809
12 98 44.283179651
12 99 44.0113621693
12 100 39.0
12 101 47.0425339454
13 1 15.0
13 2 16.6433169771
13 3 23.4307490277
13 4 11.1803398875
13 5 15.8113883008
13 6 35.3553390593
13 7 25.495097568
13 8 33.5410196625
13 9 40.7921561087
13 10 25.495097568
13 11 32.0156211872
13 12 42.4264068712
13 14 22.360679775
13 15 43.0116263352
13 16 36.0555127546
13 17 42.7200187266
13 18 45.2769256907
13 19 30.4138126515
13 20 43.0116263352
13 21 30.4138126515
13 22 15.8113883008
13 23 25.495097568
13 24 30.4138126515
13 25 15.0
13 26 21.2132034356
13 27 7.07106781187
13 28 15.8113883008
13 29 9.21954445729
13 30 15.6524758425
13 31 26.9258240357
13 32 25.495097568
13 33 37.1618083521
13 34 17.2626765016
13 35 25.0
13 36 32.6955654485
13 37 54.1202365109
13 38 33.5410196625
13 39 54.083269132
13 40 25.079872408
13 41 14.1421356237
13 42 29.1204395571
13 43 34.7131099154
13 44 41.8688428309
13 45 44.2944691807
13 46 44.1021541424
13 47 49.7292670366
13 48 46.9574275275
13 49 40.718546143
13 50 55.0
13 51 12.3693168769
13 52 23.0217288664
13 53 24.3515913238
13 54 13.6014705087
13 55 9.21954445729
13 56 17.691806013
13 57 23.1948270095
13 58 29.206163733
13 59 16.6433169771
13 60 31.0161248385
13 61 33.0151480384
13 62 39.5600808897
13 63 34.7131099154
13 64 41.0487515035
13 65 54.6717477313
13 66 43.6806593357
13 67 38.0131556175
13 68 34.4818792991
13 69 7.21110255093
13 70 17.691806013
13 71 24.6981780705
13 72 33.7342555869
13 73 19.2353840617
13 74 18.973665961
13 75 22.360679775
13 76 24.0208242989
13 77 7.07106781187
13 78 8.54400374532
13 79 20.2484567313
13 80 14.7648230602
13 81 6.32455532034
13 82 19.6468827044
13 83 37.0
13 84 36.0555127546
13 85 39.2045915678
13 86 36.4005494464
13 87 49.040799341
13 88 27.8028775489
13 89 29.4108823397
13 90 24.0
13 91 37.2155881319
13 92 38.4837628098
13 93 30.8706980809
13 94 33.8378486314
13 95 25.2982212813
13 96 27.3130005675
13 97 29.1204395571
13 98 28.6530975638
13 99 34.0147027034
13 100 31.3209195267
13 101 36.235341864
14 1 11.1803398875
14 2 26.4007575649
14 3 9.43398113206
14 4 32.0156211872
14 5 25.495097568
14 6 15.8113883008
14 7 7.07106781187
14 8 26.9258240357
14 9 26.9072480941
14 10 43.0116263352
14 11 35.0
14 12 41.2310562562
14 13 22.360679775
14 15 21.2132034356
14 16 20.0
14 17 20.6155281281
14 18 25.495097568
14 19 18.0277563773
14 20 38.0788655293
14 21 42.7200187266
14 22 15.8113883008
14 23 21.2132034356
14 24 32.0156211872
14 25 36.4005494464
14 26 35.3553390593
14 27 15.8113883008
14 28 15.8113883008
14 29 16.2788205961
14 30 38.0131556175
14 31 36.4005494464
14 32 27.0185121722
14 33 44.283179651
14 34 35.4682957019
14 35 46.0977222865
14 36 51.8555686499
14 37 44.821869662
14 38 11.1803398875
14 39 32.0156211872
14 40 32.6955654485
14 41 10.0
14 42 21.6333076528
14 43 14.3178210633
14 44 23.0867927612
14 45 21.9544984001
14 46 27.2946881279
14 47 36.235341864
14 48 38.0131556175
14 49 31.9061122671
14 50 49.244289009
14 51 27.8028775489
14 52 38.0788655293
14 53 18.2482875909
14 54 9.21954445729
14 55 27.2946881279
14 56 33.0605505096
14 57 26.4196896272
14 58 13.152946438
14 59 6.0827625303
14 60 9.05538513814
14 61 15.8113883008
14 62 18.0277563773
14 63 33.5410196625
14 64 44.1021541424
14 65 54.1202365109
14 66 61.0573500899
14 67 51.6236379966
14 68 42.0594816896
14 69 29.5296461205
14 70 23.0867927612
14 71 31.7804971641
14 72 50.7740090991
14 73 19.2353840617
14 74 16.1245154966
14 75 20.0
14 76 23.6008474424
14 77 25.495097568
14 78 29.206163733
14 79 41.1096095822
14 80 35.4682957019
14 81 28.6356421266
14 82 38.2883794382
14 83 26.6270539114
14 84 20.0
14 85 19.9248588452
14 86 14.3178210633
14 87 26.9258240357
14 88 7.28010988928
14 89 27.2946881279
14 90 10.7703296143
14 91 42.0119030752
14 92 16.1554944214
14 93 8.54400374532
14 94 12.0415945788
14 95 4.472135955
14 96 5.09901951359
14 97 8.24621125124
14 98 6.40312423743
14 99 11.7046999107
14 100 10.0498756211
14 101 13.8924439894
15 1 32.0156211872
15 2 46.872166581
15 3 21.1896201004
15 4 53.1507290637
15 5 41.2310562562
15 6 20.0
15 7 22.360679775
15 8 40.3112887415
15 9 33.3766385366
15 10 64.0312423743
15 11 52.2015325446
15 12 55.2268050859
15 13 43.0116263352
15 14 21.2132034356
15 16 15.8113883008
15 17 11.1803398875
15 18 22.360679775
15 19 30.4138126515
15 20 50.0
15 21 62.6498204307
15 22 31.6227766017
15 23 30.0
15 24 40.3112887415
15 25 55.9016994375
15 26 50.9901951359
15 27 36.0555127546
15 28 36.0555127546
15 29 37.483329628
15 30 58.5234995536
15 31 55.9016994375
15 32 44.9444101085
15 33 62.2976725087
15 34 56.639209034
15 35 67.2681202354
15 36 73.0
15 37 51.6623654124
15 38 11.1803398875
15 39 11.1803398875
15 40 45.0444225182
15 41 29.1547594742
15 42 27.1661554144
15 43 9.21954445729
15 44 10.6301458127
15 45 5.65685424949
15 46 29.4108823397
15 47 40.162171256
15 48 46.5295604965
15 49 42.0475920833
15 50 58.6941223633
15 51 48.9182992345
15 52 58.8217646794
15 53 35.1140997322
15 54 30.4138126515
15 55 46.0977222865
15 56 49.7292670366
15 57 38.0525951809
15 58 17.1172427686
15 59 26.4007575649
15 60 15.2315462117
15 61 24.0831891576
15 62 14.3178210633
15 63 48.8364617883
15 64 60.207972894
15 65 67.0
15 66 81.8413098624
15 67 71.5891053164
15 68 52.2398315464
15 69 50.219518118
15 70 43.0464865001
15 71 50.9901951359
15 72 71.6100551599
15 73 32.5576411922
15 74 29.8328677804
15 75 31.1448230048
15 76 34.0147027034
15 77 46.6904701197
15 78 50.3289181286
15 79 62.2896460096
15 80 56.639209034
15 81 49.0917508345
15 82 59.4642749893
15 83 37.0
15 84 27.0185121722
15 85 21.3775583264
15 86 12.0415945788
15 87 13.6014705087
15 88 15.2643375225
15 89 43.4165866922
15 90 27.3130005675
15 91 59.2030404625
15 92 9.0
15 93 13.8924439894
15 94 14.3178210633
15 95 20.2484567313
15 96 17.2046505341
15 97 18.3847763109
15 98 14.8660687473
15 99 11.7046999107
15 100 16.7630546142
15 101 8.54400374532
16 1 30.4138126515
16 2 45.3541618818
16 3 13.0
16 4 47.1699056603
16 5 29.1547594742
16 6 29.1547594742
16 7 25.495097568
16 8 46.0977222865
16 9 42.9418211072
16 10 60.415229868
16 11 55.0
16 12 60.827625303
16 13 36.0555127546
16 14 20.0
16 15 15.8113883008
16 17 25.0
16 18 35.3553390593
16 19 36.4005494464
16 20 57.008771255
16 21 61.8465843843
16 22 21.2132034356
16 23 15.8113883008
16 24 25.0
16 25 46.0977222865
16 26 38.0788655293
16 27 29.1547594742
16 28 35.3553390593
16 29 33.8378486314
16 30 50.2493781056
16 31 55.9016994375
16 32 47.0106370942
16 33 64.1950153828
16 34 52.3259018078
16 35 61.0327780787
16 36 68.4762732631
16 37 61.7170964968
16 38 18.0277563773
16 39 25.0
16 40 30.8058436015
16 41 22.360679775
16 42 12.1655250606
16 43 9.21954445729
16 44 7.28010988928
16 45 21.0237960416
16 46 40.8044115262
16 47 51.3127664427
16 48 55.542776308
16 49 49.9799959984
16 50 67.4166151627
16 51 45.3100430368
16 52 56.302753041
16 53 38.1182371051
16 54 26.9258240357
16 55 36.1247837364
16 56 37.5898922584
16 57 24.0416305603
16 58 7.28010988928
16 59 21.8403296678
16 60 21.0237960416
16 61 31.7804971641
16 62 26.1725046566
16 63 53.3385414124
16 64 64.0702739186
16 65 73.5459040328
16 66 78.7908624144
16 67 70.6045324324
16 68 37.0
16 69 42.8018691181
16 70 42.5793377121
16 71 51.4781507049
16 72 68.5419579528
16 73 20.2484567313
16 74 18.4390889146
16 75 17.88854382
16 76 19.9248588452
16 77 41.5932686862
16 78 44.418464629
16 79 56.302753041
16 80 50.7740090991
16 81 41.2310562562
16 82 55.0090901579
16 83 44.598206242
16 84 35.77708764
16 85 32.2024843762
16 86 22.0227155455
16 87 29.0688837075
16 88 13.152946438
16 89 47.1699056603
16 90 30.2654919008
16 91 62.0080639917
16 92 20.5182845287
16 93 18.7882942281
16 94 22.4722050542
16 95 22.360679775
16 96 19.6468827044
16 97 23.4093998214
16 98 16.7630546142
16 99 19.4164878389
16 100 23.2594066992
16 101 17.691806013
17 1 29.1547594742
17 2 42.4499705536
17 3 25.179356624
17 4 51.4781507049
17 5 45.0
17 6 11.1803398875
17 7 18.0277563773
17 8 31.6227766017
17 9 23.0
17 10 60.207972894
17 11 44.72135955
17 12 46.0977222865
17 13 42.7200187266
17 14 20.6155281281
17 15 11.1803398875
17 16 25.0
17 18 11.1803398875
17 19 22.360679775
17 20 40.3112887415
17 21 57.008771255
17 22 35.0
17 23 36.4005494464
17 24 47.4341649025
17 25 57.008771255
17 26 55.0
17 27 36.4005494464
17 28 32.0156211872
17 29 35.3553390593
17 30 58.3095189485
17 31 50.0
17 32 38.275318418
17 33 55.0090901579
17 34 53.600373133
17 35 65.192024052
17 36 69.5269731831
17 37 40.7921561087
17 38 10.0
17 39 15.8113883008
17 40 50.6359556047
17 41 30.4138126515
17 42 34.5398320783
17 43 16.1245154966
17 44 21.400934559
17 45 6.0827625303
17 46 18.4390889146
17 47 29.1204395571
17 48 36.0555127546
17 49 32.14031736
17 50 48.1663783152
17 51 45.8039299624
17 52 54.4518135602
17 53 28.6006992922
17 54 29.1547594742
17 55 47.853944456
17 56 53.0848377599
17 57 43.7378554573
17 58 23.4093998214
17 59 26.6833281283
17 60 11.7046999107
17 61 15.6524758425
17 62 4.472135955
17 63 40.4969134626
17 64 51.8652099196
17 65 57.2188780037
17 66 77.1556867638
17 67 65.8027355054
17 68 58.9406481132
17 69 49.7694685525
17 70 38.1837661841
17 71 45.0
17 72 67.1788657243
17 73 37.2155881319
17 74 34.1320963318
17 75 36.6742416418
17 76 40.0249921924
17 77 44.7772263545
17 78 48.7647413609
17 79 60.207972894
17 80 54.7083174664
17 81 49.040799341
17 82 56.4003546088
17 83 27.4590604355
17 84 17.4642491966
17 85 11.0453610172
17 86 6.32455532034
17 87 6.32455532034
17 88 18.1107702763
17 89 35.77708764
17 90 21.9317121995
17 91 51.4781507049
17 92 5.09901951359
17 93 12.1655250606
17 94 8.94427191
17 95 17.4642491966
17 96 15.5241746963
17 97 13.8924439894
17 98 15.0332963784
17 99 9.05538513814
17 100 11.6619037897
17 101 8.24621125124
18 1 30.4138126515
18 2 40.7062648741
18 3 32.6955654485
18 4 52.2015325446
18 5 50.9901951359
18 6 10.0
18 7 20.0
18 8 25.0
18 9 13.9283882772
18 10 58.3095189485
18 11 39.0512483795
18 12 38.0788655293
18 13 45.2769256907
18 14 25.495097568
18 15 22.360679775
18 16 35.3553390593
18 17 11.1803398875
18 19 18.0277563773
18 20 31.6227766017
18 21 53.1507290637
18 22 41.2310562562
18 23 44.72135955
18 24 55.9016994375
18 25 60.207972894
18 26 60.827625303
18 27 40.0
18 28 31.6227766017
18 29 36.6742416418
18 30 60.207972894
18 31 46.0977222865
18 32 34.0587727319
18 33 49.2036584006
18 34 52.8015151298
18 35 65.0
18 36 67.7421582178
18 37 30.1496268634
18 38 18.0277563773
18 39 25.0
18 40 57.8705451849
18 41 35.3553390593
18 42 43.5660418216
18 43 26.1725046566
18 44 32.4499614792
18 45 17.0880074906
18 46 8.0622577483
18 47 18.2482875909
18 48 26.1725046566
18 49 23.4093998214
18 50 38.0131556175
18 51 45.3100430368
18 52 52.1536192416
18 53 25.5538646784
18 54 32.0156211872
18 55 52.0096144958
18 56 58.4208866759
18 57 51.2640224719
18 58 32.4499614792
18 59 31.2569992162
18 60 17.0880074906
18 61 12.6491106407
18 62 9.21954445729
18 63 33.8378486314
18 64 44.7772263545
18 65 48.0520551069
18 66 73.8782782691
18 67 61.5223536611
18 68 66.8505796534
18 69 51.7880295049
18 70 36.235341864
18 71 41.2310562562
18 72 64.4049687524
18 73 44.2718872424
18 74 41.1096095822
18 75 44.3846820423
18 76 47.9270278653
18 77 45.607017004
18 78 49.7292670366
18 79 60.166435826
18 80 55.0272659688
18 81 51.4781507049
18 82 55.4616984954
18 83 19.7230829233
18 84 11.401754251
18 85 6.0827625303
18 86 13.6014705087
18 87 12.0415945788
18 88 25.9422435421
18 89 30.4138126515
18 90 21.5870331449
18 91 45.2216762184
18 92 14.8660687473
18 93 18.7882942281
18 94 14.3178210633
18 95 21.2132034356
18 96 20.8806130178
18 97 17.2626765016
18 98 21.9317121995
18 99 16.6433169771
18 100 15.5241746963
18 101 17.691806013
19 1 15.8113883008
19 2 22.8473193176
19 3 27.4590604355
19 4 35.3553390593
19 5 40.3112887415
19 6 11.1803398875
19 7 11.1803398875
19 8 10.0
19 9 10.4403065089
19 10 40.3112887415
19 11 22.360679775
19 12 25.0
19 13 30.4138126515
19 14 18.0277563773
19 15 30.4138126515
19 16 36.4005494464
19 17 22.360679775
19 18 18.0277563773
19 20 20.6155281281
19 21 35.3553390593
19 22 32.0156211872
19 23 39.0512483795
19 24 49.4974746831
19 25 45.2769256907
19 26 49.244289009
19 27 26.9258240357
19 28 15.0
19 29 21.2132034356
19 30 44.0454310911
19 31 28.2842712475
19 32 16.2788205961
19 33 32.6496554346
19 34 35.1140997322
19 35 47.4341649025
19 36 49.7393204618
19 37 26.9072480941
19 38 20.0
19 39 38.0788655293
19 40 48.8262224629
19 41 25.0
19 42 39.6610640301
19 43 28.2842712475
19 44 37.1214223865
19 45 27.5136329844
19 46 14.1421356237
19 47 19.6977156036
19 48 20.0
19 49 13.8924439894
19 50 31.304951685
19 51 27.892651362
19 52 34.1320963318
19 53 7.61577310586
19 54 19.2353840617
19 55 38.6005181312
19 56 46.2385120868
19 57 43.2781700168
19 58 30.4630924235
19 59 21.2602916255
19 60 16.0312195419
19 61 6.7082039325
19 62 17.88854382
19 63 18.4390889146
19 64 29.8328677804
19 65 37.3363094052
19 66 55.9732078766
19 67 43.931765273
19 68 58.6003412959
19 69 36.0138862107
19 70 18.3847763109
19 71 23.3452350599
19 72 46.4004310325
19 73 36.1247837364
19 74 33.2415402772
19 75 37.483329628
19 76 41.0121933088
19 77 29.0688837075
19 78 33.1360830516
19 79 42.7200187266
19 80 37.8549864615
19 81 36.1247837364
19 82 37.6961536499
19 83 8.60232526704
19 84 6.7082039325
19 85 12.7279220614
19 86 18.4390889146
19 87 27.2029410175
19 88 23.4093998214
19 89 13.416407865
19 90 7.81024967591
19 91 29.1547594742
19 92 21.5870331449
19 93 18.1107702763
19 94 16.1245154966
19 95 14.3178210633
19 96 16.7630546142
19 97 13.152946438
19 98 19.6468827044
19 99 19.0262975904
19 100 14.0
19 101 22.0907220344
20 1 32.0156211872
20 2 28.231188427
20 3 47.4236228055
20 4 42.7200187266
20 5 56.5685424949
20 6 30.0
20 7 31.6227766017
20 8 11.1803398875
20 9 17.7200451467
20 10 40.0
20 11 15.0
20 12 7.07106781187
20 13 43.0116263352
20 14 38.0788655293
20 15 50.0
20 16 57.008771255
20 17 40.3112887415
20 18 31.6227766017
20 19 20.6155281281
20 21 30.4138126515
20 22 50.0
20 23 58.3095189485
20 24 68.0073525437
20 25 55.9016994375
20 26 64.0312423743
20 27 42.4264068712
20 28 28.2842712475
20 29 34.7131099154
20 30 52.2015325446
20 31 25.0
20 32 17.88854382
20 33 21.9317121995
20 34 38.8329756779
20 35 50.2493781056
20 36 48.2597140481
20 37 13.0
20 38 40.3112887415
20 39 55.9016994375
20 40 65.7951365984
20 41 43.0116263352
20 42 59.4810894319
20 43 48.8364617883
20 44 57.5586657246
20 45 46.1735855225
20 46 23.769728648
20 47 17.691806013
20 48 8.0622577483
20 49 8.24621125124
20 50 12.0415945788
20 51 34.5398320783
20 52 34.0587727319
20 53 20.8086520467
20 54 36.4005494464
20 55 52.2015325446
20 56 60.605280298
20 57 61.2209114601
20 58 50.9215082259
20 59 39.9624824054
20 60 36.4965751818
20 61 26.0768096208
20 62 36.1247837364
20 63 9.21954445729
20 64 15.0
20 65 17.0
20 66 49.9799959984
20 67 36.4005494464
20 68 75.6901578807
20 69 46.0651712251
20 70 25.5538646784
20 71 22.360679775
20 72 42.7551166529
20 73 54.4058820349
20 74 51.8652099196
20 75 56.302753041
20 76 59.640590205
20 77 38.4707681233
20 78 41.629316593
20 79 46.6904701197
20 80 43.6806593357
20 81 47.0106370942
20 82 40.4474968323
20 83 13.0
20 84 23.0217288664
20 85 29.2745623366
20 86 38.0131556175
20 87 43.4165866922
20 88 43.965895874
20 89 13.6014705087
20 90 27.3130005675
20 91 17.4642491966
20 92 41.0
20 93 38.6393581727
20 94 36.1247837364
20 95 34.7850542619
20 96 37.3630833845
20 97 33.7342555869
20 98 40.2616442784
20 99 39.2045915678
20 100 34.3656805549
20 101 42.1070065429
21 1 31.6227766017
21 2 16.4924225025
21 3 49.0306026885
21 4 22.360679775
21 5 46.0977222865
21 6 46.0977222865
21 7 40.3112887415
21 8 29.1547594742
21 9 41.3400532172
21 10 11.1803398875
21 11 15.8113883008
21 12 25.0
21 13 30.4138126515
21 14 42.7200187266
21 15 62.6498204307
21 16 61.8465843843
21 17 57.008771255
21 18 53.1507290637
21 19 35.3553390593
21 20 30.4138126515
21 22 45.0
21 23 55.0
21 24 60.827625303
21 25 36.0555127546
21 26 49.244289009
21 27 35.0
21 28 26.9258240357
21 29 28.2842712475
21 30 29.8328677804
21 31 7.07106781187
21 32 19.1049731745
21 33 10.7703296143
21 34 15.2643375225
21 35 22.360679775
21 36 18.0
21 37 43.2897216438
21 38 51.4781507049
21 39 72.1110255093
21 40 55.0817574157
21 41 40.3112887415
21 42 58.0775343829
21 43 57.008771255
21 44 65.7875368136
21 45 61.2943716829
21 46 47.4341649025
21 47 46.2385120868
21 48 38.0788655293
21 49 34.5398320783
21 50 39.1152144312
21 51 18.1107702763
21 52 8.0622577483
21 53 28.4253408071
21 54 34.9284983931
21 55 37.947331922
21 56 45.6946386352
21 57 53.600373133
21 58 54.5710545986
21 59 40.0249921924
21 60 47.5078940809
21 61 41.7731971484
21 62 52.6307894678
21 63 22.1359436212
21 64 18.4390889146
21 65 32.3109888428
21 66 20.8086520467
21 67 8.94427191
21 68 63.9061812347
21 69 28.231188427
21 70 19.6977156036
21 71 12.0415945788
21 72 12.3693168769
21 73 49.040799341
21 74 48.0104155366
21 75 52.0096144958
21 76 54.1479454827
21 77 23.3452350599
21 78 23.4093998214
21 79 20.6155281281
21 80 20.8086520467
21 81 30.083217913
21 82 14.8660687473
21 83 34.9857113691
21 84 41.7731971484
21 85 48.0832611207
21 86 51.8652099196
21 87 62.3698645181
21 88 49.9799959984
21 89 23.0217288664
21 90 35.5105618091
21 91 14.1421356237
21 92 54.918120871
21 93 48.7647413609
21 94 49.0917508345
21 95 42.4852915725
21 96 45.6179789118
21 97 44.418464629
21 98 48.3321838944
21 99 51.1077293567
21 100 46.3249392876
21 101 54.2033209315
22 1 18.0277563773
22 2 29.2745623366
22 3 10.4403065089
22 4 26.9258240357
22 5 10.0
22 6 31.6227766017
22 7 22.360679775
22 8 39.0512483795
22 9 41.8807831827
22 10 41.2310562562
22 11 42.7200187266
22 12 51.4781507049
22 13 15.8113883008
22 14 15.8113883008
22 15 31.6227766017
22 16 21.2132034356
22 17 35.0
22 18 41.2310562562
22 19 32.0156211872
22 20 50.0
22 21 45.0
22 23 10.0
22 24 18.0277563773
22 25 25.0
22 26 20.0
22 27 10.0
22 28 22.360679775
22 29 17.4642491966
22 30 29.0688837075
22 31 40.3112887415
22 32 34.9284983931
22 33 50.0099990002
22 34 32.9848450049
22 35 40.3112887415
22 36 48.4664832642
22 37 58.7281874401
